1.000000000000000000e+00 2.826282897660190030e-01 8.349521912989760208e-02 7.235074395716249718e-02 7.357348680984950040e-02 6.512502314183049590e-02 7.634937825370879949e-02 6.980007444452200616e-02 2.266169759884660018e-01 1.490876087675709893e-01 5.723823118674079696e-02 8.180390821407340640e-02 7.291467286603779685e-02 7.947695843356160361e-02 8.069024074182790107e-02 6.209600211641019829e-02 8.143643006543510587e-02 8.517168377734110618e-02 6.715938795975999465e-02 6.307053102822270108e-02 6.846887251775370109e-02 7.510094704597990167e-02 1.012134296842930048e-01 8.096154352859939729e-02 9.636390894805370311e-02 8.841551159547170191e-02 8.364865813734459477e-02 5.878874396134840113e-02 8.367589608082390273e-02 2.495617599598209946e-01 1.232869341075549935e-01 1.251846393387129885e-01 2.318827896848160014e-02 8.652996176321289812e-02 1.690275361524759892e-02 5.225754352652259849e-01 1.843431037767569863e-02 2.291819938874370063e-02 2.177333892868299828e-02 2.049145334867459936e-02 1.507896452854200035e-02 1.585950180682629829e-02 2.322404158564859988e-02 2.253515956945250157e-02 7.447299209028999945e-02 1.122760863265489933e-01 7.531203809995419551e-02 8.052518026955629571e-02 8.726304115693929442e-02 8.713557717647979484e-02 8.876846913298939989e-02 8.694847480785669602e-02 8.450934459593090198e-02 7.577447977277039504e-02 8.391724456621670047e-02 6.894104543948259556e-02 5.104988876784209706e-02 8.239762684688770045e-02 1.962071754781289923e-01 2.209321255489929969e-01 1.168099939145289951e-01 2.005164776201510124e-01 2.111372877493999933e-01 2.047455194754919938e-01 2.494457064373840072e-01 2.603915802571509786e-01 2.690118353869829781e-01 2.308075825528889957e-01 1.255884780928329947e-01 7.963745067938439448e-02 5.553015670954419836e-02 9.658211730299680331e-02 2.557684632217899767e-01 2.534980530761150042e-01 2.261465913397340058e-02 2.913800319546519871e-02 2.754948099075979831e-02 5.522613007624890130e-02 7.379606949297140561e-02 5.153316045538579998e-02 8.404589169827010597e-02 1.015883470550620060e-01 2.156114836229759968e-01 1.937851892648229934e-01 2.132716637093000078e-01 1.614576032639959968e-01 1.915348013320480047e-01 5.695512726309660129e-02 7.248864742311700304e-02 1.873735483263939960e-01 9.783546347635439788e-02 8.230338132596450029e-02 1.975118637859930165e-02 6.815310529005029483e-02 1.991333329851809886e-01
2.826282897660190030e-01 1.000000000000000000e+00 6.314987447043900193e-02 4.687669631249660046e-02 5.555065735428380003e-02 4.807110712294310195e-02 6.572631921842279901e-02 5.093483702231149657e-02 2.001812781524930085e-01 1.838054919697250100e-01 3.949349559887829764e-02 8.929322534125440358e-02 7.273075836721619447e-02 9.455623039842900313e-02 6.928175019575689986e-02 5.955709213536580088e-02 8.070161462414200682e-02 9.380140693737140656e-02 7.077001553353959307e-02 6.779218598446540289e-02 5.463033955057439855e-02 8.312347487011860492e-02 1.020675665967090001e-01 6.651062192602789913e-02 8.434974094926520061e-02 8.179611990001399435e-02 9.008740111821379737e-02 6.045495622792679963e-02 6.448408735114899426e-02 2.117480831222519899e-01 9.344099471860130290e-02 9.968425837925129485e-02 1.666443419819890054e-02 8.564425599861739957e-02 1.678315856260719982e-02 2.512522234309559899e-01 2.047239611978760032e-02 1.815911848465810025e-02 3.073991682028059946e-02 1.637048291373029846e-02 1.639420101087199835e-02 1.626908687304889911e-02 1.911289684924569882e-02 1.623238075998060040e-02 5.853496716087969870e-02 9.406266699850339419e-02 7.316417431785619818e-02 8.287046774867669330e-02 6.674354510127590567e-02 8.744017177710150523e-02 8.432815829356320181e-02 7.853278011007980286e-02 6.855677975161740545e-02 8.562968953663560590e-02 7.312293531581659511e-02 5.181826339989210189e-02 4.025558273751499855e-02 6.616663046869179776e-02 1.928003698208000105e-01 2.013485653714809920e-01 1.099135062594179951e-01 1.869476011304840035e-01 1.999259758331340120e-01 1.975316006968569904e-01 2.732581977396990047e-01 2.228028018932790011e-01 1.981795425295150015e-01 2.291950489574600125e-01 1.145268593468620061e-01 8.109685671498849391e-02 7.241946704376360511e-02 1.121916776620440065e-01 3.297209665760489905e-01 2.463814812576750057e-01 3.270223146664080066e-02 3.917853050298369944e-02 3.820020900326800278e-02 8.452572247484760326e-02 9.835471386894370505e-02 8.455118783422149731e-02 7.810768937810949608e-02 1.033175257375650025e-01 1.907523690573330044e-01 1.879363455583110132e-01 1.893657047208160138e-01 1.512187038860159927e-01 1.661099953861039924e-01 6.229571951945839930e-02 9.416319724945319825e-02 1.869142392746510062e-01 1.121328897853769990e-01 7.836549394990399708e-02 2.294884562246439844e-02 5.182183343285590160e-02 2.035093002664130069e-01
8.349521912989760208e-02 6.314987447043900193e-02 1.000000000000000000e+00 2.445855598610069959e-01 2.079696374366770129e-01 1.795181693326909911e-01 2.127009130889659927e-01 1.860531635521679994e-01 8.682062599744770626e-02 8.651548811670130290e-02 4.659640689156049898e-02 8.517664987621059725e-02 6.823763398815900494e-02 8.152249567505720496e-02 7.540819434572809676e-02 1.407559072654230026e-01 1.278187438899540118e-01 1.302684384301150133e-01 2.102550180678489922e-01 1.973879924689810050e-01 2.089924472404280087e-01 1.734014217116879863e-01 1.202097739273099986e-01 1.582266686290360047e-01 1.254111123419570095e-01 1.749686122917820108e-01 1.770908284595809901e-01 1.874184731780159929e-01 1.154068345318789990e-01 7.669923662765260053e-02 5.501834924300799678e-02 5.548304086589699730e-02 1.360739684137000048e-02 4.853047827221759758e-02 1.620131909421949901e-02 6.449354538515710000e-02 1.473996455759180035e-02 1.251269480900010084e-02 1.318854386019869922e-02 1.404706676225770008e-02 1.325191608869119922e-02 1.419667278680170064e-02 1.339739359426769978e-02 1.369642230409390087e-02 1.743739028603520091e-01 1.203215906100830040e-01 1.869757857228460107e-01 1.625856703794159863e-01 1.546677010918220130e-01 1.201219796296120051e-01 1.339582180298219960e-01 1.108938867643450010e-01 1.124532701535029960e-01 1.136744226459090040e-01 1.205546248741480031e-01 1.289451488403499935e-01 1.414902563042400030e-01 1.254348815798259908e-01 6.733312366858379416e-02 8.037641597471159582e-02 9.694405962928559495e-02 1.000318168311150058e-01 9.674472202025749534e-02 8.474825077753650460e-02 5.843624616225599755e-02 6.037295776742800102e-02 4.894900892081679999e-02 5.231698713279449992e-02 4.770156032194339951e-02 6.756020401765279459e-02 6.430889324376690142e-02 5.642117594167850303e-02 7.073115153074159556e-02 6.429383495418279637e-02 2.806089662152989883e-02 4.202254115858850003e-02 3.650339838978380186e-02 5.354961598801830092e-02 3.024794778500030160e-02 3.645249277400879756e-02 3.194244138417470236e-01 7.818007681850400181e-02 4.998136349276580126e-02 8.277219713574410220e-02 8.896487660035749812e-02 9.336987366761149987e-02 9.833773888036820288e-02 4.246012535339809685e-02 7.193935552371609476e-02 6.128287252294160187e-02 9.485821279324900546e-02 1.033493113466729951e-01 1.932023809256349853e-02 5.582016082522950340e-02 4.895690288389580036e-02
7.235074395716249718e-02 4.687669631249660046e-02 2.445855598610069959e-01 1.000000000000000000e+00 4.227756424816629943e-01 4.536266593043299933e-01 4.236919750813259999e-01 4.706770263327810233e-01 6.357847974009669945e-02 8.469937501314460382e-02 5.149714332625190266e-02 1.060308605097889934e-01 8.467547790980650690e-02 8.205031168926900376e-02 1.233524668860109946e-01 1.263398819789360028e-01 1.337858729038239880e-01 1.382511719568549902e-01 1.918775799211210054e-01 1.830263481527449887e-01 1.797438895937109871e-01 1.640753648733530023e-01 1.418060571938359882e-01 1.546005147171820027e-01 1.278281974090050011e-01 1.744679621766959954e-01 1.627740390251760094e-01 1.745440525716719926e-01 1.189899835254819987e-01 8.936693409986409820e-02 5.434434015323459655e-02 5.937028393177239821e-02 1.366850618030870067e-02 6.128953562127020110e-02 1.244665553565250070e-02 5.533100459142430150e-02 1.136829144607229974e-02 1.375858458787729971e-02 1.279435140208400046e-02 1.614956855448149847e-02 1.268681579521229938e-02 1.799586852085499969e-02 1.597118451263389999e-02 1.398723030414610047e-02 2.034401981888759869e-01 1.391476279042309916e-01 2.136686620086490074e-01 1.994187920995250107e-01 1.715092274557900032e-01 1.810787802811650027e-01 1.806990391538020047e-01 1.127664992782909936e-01 1.306583483174360016e-01 1.360400265278080001e-01 1.333531589785320048e-01 1.237055624682539962e-01 1.358200979912490003e-01 1.349838568067280031e-01 6.042953980726049890e-02 5.935832131081469898e-02 8.610656120258350366e-02 8.730889679991969687e-02 9.307285939238610362e-02 8.922180349792080412e-02 5.735961341804259733e-02 5.856847010917950319e-02 5.479593343973800101e-02 7.807990352265389844e-02 5.384821309655130062e-02 6.506423565067699644e-02 3.925459332339899937e-02 5.747154326717719697e-02 6.047424075821559997e-02 5.005782459356809821e-02 2.954062873925659971e-02 2.870951935225140098e-02 3.605620899459380246e-02 3.448127075346459763e-02 2.729539475930150075e-02 3.390849436332810107e-02 1.616290969812609890e-01 8.682892678721079727e-02 5.351455425951100187e-02 9.197795936353929391e-02 8.642252201844929926e-02 8.374937690471100094e-02 1.062278942080800009e-01 4.755692157976570272e-02 6.090690304664349991e-02 5.430595829281290032e-02 9.201699822592980527e-02 1.007744586271440007e-01 2.128550156483149935e-02 4.921774005015989994e-02 6.168392399473820314e-02
7.357348680984950040e-02 5.555065735428380003e-02 2.079696374366770129e-01 4.227756424816629943e-01 1.000000000000000000e+00 3.855218530191050208e-01 5.587527822132859479e-01 3.862196388383880019e-01 6.957037332493720694e-02 9.171708961321120568e-02 4.697125814225650009e-02 9.434395219120809972e-02 8.590515460411569937e-02 8.411761010000749772e-02 1.019383641953500036e-01 1.140932475082380021e-01 1.285861455462579961e-01 1.410738376180299958e-01 1.694255111976629979e-01 1.556206067302020046e-01 1.608421061906679939e-01 1.222770218205990050e-01 1.362361716405899870e-01 1.185692081863709973e-01 1.306448203730180002e-01 1.716285606752369908e-01 1.606834560692219915e-01 1.577068326434870049e-01 1.159879386174979959e-01 9.697793043865400586e-02 6.370079820491850175e-02 5.121808911584439794e-02 1.283981792528990015e-02 3.825227891718879780e-02 1.588268883027639869e-02 5.971914853217739905e-02 1.445286263106819978e-02 1.619466141251259955e-02 1.311126657078690028e-02 1.350689807037460007e-02 1.216086228409070033e-02 1.317258921170309967e-02 1.538561727383679946e-02 1.407773419436030016e-02 2.107233829658289870e-01 1.385620576318649932e-01 1.991089164831550129e-01 1.694482343131429869e-01 1.606516903126770091e-01 1.609389003835750009e-01 1.818682460407820001e-01 1.141465587562970063e-01 1.140560941801909978e-01 1.120256744868250026e-01 1.219508448108440057e-01 1.359251839280009866e-01 9.905718640628860538e-02 1.322475310873200138e-01 5.038388513501179666e-02 6.833036688572359518e-02 9.338761932173560154e-02 9.329813624567200037e-02 9.510523806792889334e-02 9.326625720135879594e-02 5.700458377234250001e-02 6.037646410685810344e-02 5.479002792301800040e-02 6.567741648910470353e-02 4.385648842151190080e-02 7.119420044186590413e-02 4.202277173710480124e-02 5.433774963463249702e-02 5.443874138481880065e-02 4.850180701670409739e-02 3.046588814302069945e-02 2.054002066250169845e-02 3.147559492991690300e-02 2.695485873711020094e-02 3.081319891098590127e-02 3.025772409225810020e-02 1.534602115425350022e-01 8.292824395554919403e-02 5.879173832135910216e-02 8.441531684962029491e-02 9.721485901408889740e-02 9.043395831413500452e-02 1.076475342773319938e-01 3.580425602140949876e-02 8.173466541007880226e-02 4.769462425021590152e-02 9.328839388663319465e-02 9.747483382601450363e-02 2.142322866697310077e-02 5.800124886803419838e-02 7.281345099777609964e-02
6.512502314183049590e-02 4.807110712294310195e-02 1.795181693326909911e-01 4.536266593043299933e-01 3.855218530191050208e-01 1.000000000000000000e+00 3.839726111273780162e-01 4.692726520202920026e-01 6.719519190460859770e-02 8.024925364265769745e-02 5.620283663455809958e-02 8.841313612343190687e-02 8.735154767336600345e-02 8.133532396681930621e-02 1.002264412885789935e-01 1.172688531038490051e-01 1.141374386619959935e-01 1.238024644718109940e-01 1.386145988383299943e-01 1.263201000905860016e-01 1.336044048056979905e-01 1.242156414765610006e-01 1.367072296576800072e-01 1.136563673008740005e-01 1.227294359490490039e-01 1.521150480625539925e-01 1.106426996419480058e-01 1.059777336591019997e-01 1.129866838610679991e-01 9.550564715297539531e-02 4.718110029895589835e-02 5.462605189792370253e-02 1.978800474785529992e-02 5.549736241843809814e-02 1.194198063000640082e-02 5.346004056841680008e-02 8.929986784175850123e-03 1.357361640624340018e-02 1.166551941114539991e-02 1.588757621306330012e-02 1.136090956420499933e-02 1.151079300944799974e-02 1.368908304864289993e-02 1.540010289810929932e-02 1.852521135047019984e-01 1.226221241760410002e-01 1.593477602990809872e-01 1.513957261985039993e-01 1.377745120398229939e-01 1.494041126945570008e-01 1.391666743594000000e-01 1.099508868315779986e-01 8.911789444010820294e-02 1.060845841654780020e-01 1.278347302507349958e-01 1.163486502921019933e-01 1.016483341535950047e-01 1.214605632754330033e-01 5.475441726623039851e-02 6.046352798195880202e-02 8.608123577988799346e-02 7.850594070849109540e-02 9.002614823885070339e-02 8.760926607797620003e-02 5.750287544252650346e-02 4.799736009780510015e-02 3.944777192956289841e-02 6.654196434615759770e-02 5.329634891195379753e-02 6.184983350202830077e-02 3.962597406685180318e-02 5.021751981776380325e-02 5.919945177647489842e-02 5.452745735146079936e-02 3.821035265549980325e-02 2.508957569399609955e-02 3.162901653492160292e-02 3.507457103457570224e-02 3.336103395766980284e-02 2.566912665852849953e-02 1.314932272746650033e-01 6.981351340911859382e-02 4.859667197087619989e-02 9.120141446856830370e-02 8.064215561695850520e-02 7.833661580641869404e-02 8.404964732081710022e-02 4.359270658147190031e-02 6.425865020269840022e-02 5.172789062836229829e-02 7.999440343656169516e-02 7.822966800088469730e-02 2.103276343570089843e-02 4.574766137430019697e-02 5.114565047957359695e-02
7.634937825370879949e-02 6.572631921842279901e-02 2.127009130889659927e-01 4.236919750813259999e-01 5.587527822132859479e-01 3.839726111273780162e-01 1.000000000000000000e+00 4.077488531886540035e-01 6.867351076652869479e-02 9.203737492543509480e-02 5.148194937917580094e-02 9.694443236870159408e-02 9.220068808659100112e-02 9.440762534877769618e-02 1.041480372738879945e-01 1.215061232247120065e-01 1.278265633760800046e-01 1.370347221330580068e-01 1.710860009758569944e-01 1.622732835201219914e-01 1.667549682719469961e-01 1.390546660457979977e-01 1.358280600195100052e-01 1.244186024169900012e-01 1.207778395547550038e-01 1.899809712226450120e-01 1.661978063138870032e-01 1.638844054268009942e-01 1.092179558043289977e-01 8.878565652735249947e-02 6.320881552520600521e-02 5.639140792091620197e-02 1.493756094364660086e-02 4.116087720156540175e-02 1.523630598224709996e-02 6.220415084266980171e-02 1.505913016263060039e-02 1.436413200558589974e-02 1.386668937272140037e-02 1.355875388428699931e-02 1.420484126670559961e-02 1.671785423752730065e-02 1.382722002464830020e-02 1.389625187505210031e-02 2.073868636914369956e-01 1.371424837851210055e-01 1.975465892573380067e-01 1.742769592354559971e-01 1.571487785432320039e-01 1.537863155510059976e-01 1.740615201711880056e-01 1.174902176632850043e-01 1.221539402005139968e-01 1.186649449131159939e-01 1.314480301497299997e-01 1.283551164125620037e-01 9.843206422899619668e-02 1.373451410817639884e-01 5.257632777445749722e-02 7.518959518760709448e-02 9.218371807490190195e-02 9.138147082407209465e-02 9.705555795028200650e-02 9.582861612079740521e-02 6.200420536564610341e-02 6.594585352922570365e-02 5.337207765475530247e-02 7.419934377727359365e-02 4.681071780813379768e-02 7.193386677552550401e-02 4.289919266606310316e-02 5.882795993585469840e-02 5.037838819620669983e-02 5.418586131595039962e-02 3.587037044504749750e-02 3.333385294255890308e-02 3.618721267752249976e-02 3.558735963584659656e-02 2.748431230905299880e-02 3.889741551564439986e-02 1.353891237816290116e-01 8.002377155406280307e-02 4.867353310293649760e-02 8.612799183966160510e-02 8.766418588948420021e-02 8.859441225600279968e-02 1.030069510522819975e-01 5.171193218830640037e-02 6.781376109887729542e-02 5.292178714591819905e-02 8.674746618738879422e-02 9.361774944298539847e-02 2.479309582160809863e-02 5.230187246292990200e-02 6.544387907389780101e-02
6.980007444452200616e-02 5.093483702231149657e-02 1.860531635521679994e-01 4.706770263327810233e-01 3.862196388383880019e-01 4.692726520202920026e-01 4.077488531886540035e-01 1.000000000000000000e+00 6.225458100058110095e-02 8.172619593717650455e-02 4.938830493895420004e-02 9.094123387769340039e-02 8.715001353316649546e-02 8.891156191492889660e-02 1.113595742504950026e-01 1.117336059111530000e-01 1.184114485959320007e-01 1.254721479725600108e-01 1.487549077713480050e-01 1.594709551299280104e-01 1.332794435959019919e-01 1.259788572483910019e-01 1.434742794228099916e-01 1.184387574323050030e-01 1.279263925015599879e-01 1.537121824822469951e-01 1.259972714166190111e-01 1.200107018246829998e-01 1.087039901507179940e-01 8.636970256970949444e-02 5.518837307009190341e-02 5.738160669656650059e-02 1.428110206591559975e-02 6.151083828868299935e-02 1.622095290638399939e-02 5.756106083335030266e-02 1.436905429134329934e-02 1.418248132795300008e-02 1.262410784394669971e-02 1.489764883420630071e-02 1.036315255719789941e-02 1.158977682498939926e-02 1.814575864150570067e-02 1.351635399306289932e-02 2.008605881298720086e-01 1.329573356717460020e-01 1.674415404820669973e-01 1.466282734891909967e-01 1.409204226333859999e-01 1.414175608625589942e-01 1.433515268421829969e-01 1.064178430670259939e-01 9.221429437176670296e-02 1.105386530987780003e-01 1.218409435427769971e-01 1.109518774492539994e-01 1.148027834262250052e-01 1.232480265371779932e-01 6.189441007689219787e-02 6.525842593453889950e-02 8.820619626979579742e-02 9.614692021682419432e-02 1.007120673512739983e-01 9.637392331115669786e-02 5.670684568261900177e-02 5.147883986175900289e-02 4.590865645350920149e-02 7.058558777362569647e-02 4.839468654875279940e-02 6.275103531335260443e-02 3.973396234861310133e-02 4.986289194922619711e-02 6.115203501942600289e-02 5.312853970066429982e-02 2.491005537810049922e-02 1.909488108932479861e-02 2.788406733573730104e-02 2.349223943809329931e-02 2.622940080191029852e-02 3.401631217912089861e-02 1.308020302633750021e-01 8.055075383675530665e-02 4.196117556079449751e-02 8.408152120508249894e-02 8.595826030272220308e-02 7.328476987516439889e-02 8.271401680328259454e-02 4.099331053425490229e-02 6.845113795913849997e-02 5.631371711088999782e-02 8.452533409744930615e-02 8.816766966847630616e-02 1.888581370560089845e-02 4.430219928880019947e-02 6.590916725322089331e-02
2.266169759884660018e-01 2.001812781524930085e-01 8.682062599744770626e-02 6.357847974009669945e-02 6.957037332493720694e-02 6.719519190460859770e-02 6.867351076652869479e-02 6.225458100058110095e-02 1.000000000000000000e+00 1.627108373296289878e-01 6.609347992898739754e-02 8.066219811451519339e-02 7.072479275112690533e-02 9.421737701000529319e-02 8.183733298041630244e-02 6.488979894287490169e-02 6.848082338168159922e-02 9.245493709511849734e-02 7.849919129177410082e-02 7.932053227701729714e-02 8.717373433545830275e-02 8.127745019912069324e-02 9.158193565016560511e-02 8.684119306185379694e-02 7.867572349836420009e-02 6.709186964973880285e-02 6.886779928817729490e-02 4.881536749440359979e-02 8.106687045742559661e-02 2.596554653484630104e-01 1.135382986227399943e-01 1.260718151541730114e-01 2.102496351799339885e-02 6.043662328528769806e-02 1.282065190131739980e-02 1.956979809105379997e-01 2.139827441341880104e-02 1.452750277980600045e-02 1.583372353178839897e-02 1.863100941007360054e-02 1.742403797610739963e-02 1.887363653222549897e-02 1.816199862990040131e-02 1.719454579630010083e-02 7.631334607156130267e-02 1.281670573838550042e-01 7.853774053819749523e-02 7.695819950841359391e-02 7.690024566482739354e-02 8.718297612923679718e-02 8.245537974438710282e-02 7.604318518886860057e-02 6.147893045396059936e-02 7.471692041241630167e-02 9.399307380196890438e-02 7.262337631546629535e-02 5.336521602442800133e-02 8.124763041267660246e-02 1.645928399669870090e-01 2.858996021202980242e-01 1.254559725917739899e-01 1.981324384494489999e-01 2.249932921738020120e-01 2.018879539565839876e-01 1.781264124885119926e-01 1.560200353849379995e-01 1.685747493262449992e-01 1.540450137907989903e-01 1.066703392758359958e-01 8.814925862006829649e-02 7.575147281030289448e-02 1.109055954624969947e-01 2.162322936188879885e-01 1.926416359665719946e-01 5.764089872592739749e-02 3.391893564044280024e-02 5.687668104877559999e-02 6.063468855641940269e-02 8.255337834647299977e-02 5.283035493453119846e-02 1.113096672919730024e-01 1.338448544442389920e-01 1.630385471128449892e-01 2.032772270752939980e-01 1.947952634475809963e-01 1.830652635562800001e-01 2.094265446793789898e-01 5.961623713001640290e-02 1.098402806556969952e-01 1.600175669625600039e-01 1.069306093491250026e-01 9.323353935160920425e-02 2.540285947928220059e-02 5.785833317799220221e-02 1.691192987372399925e-01
1.490876087675709893e-01 1.838054919697250100e-01 8.651548811670130290e-02 8.469937501314460382e-02 9.171708961321120568e-02 8.024925364265769745e-02 9.203737492543509480e-02 8.172619593717650455e-02 1.627108373296289878e-01 1.000000000000000000e+00 4.937788274346410072e-02 1.196886826277230031e-01 8.913504066031030515e-02 1.134927899143420016e-01 9.069097461895429813e-02 8.033491072412810019e-02 7.751928104026580002e-02 9.532951914762910484e-02 7.154694127503609391e-02 7.161670915243739666e-02 6.450853884530209637e-02 9.385810130123579953e-02 9.128077175331160420e-02 9.919065558093480284e-02 8.009181130993130171e-02 9.499772562103700468e-02 9.788950994939629724e-02 7.529296464889149998e-02 7.776673041507090045e-02 1.822828590630800050e-01 8.681392711356500369e-02 9.046728485033740663e-02 1.424858143164320010e-02 8.566336235825240675e-02 1.311476774533919948e-02 1.366086008987849876e-01 1.223910450262579927e-02 1.293437835059219922e-02 1.509886251797879983e-02 1.610570655878430096e-02 1.473430753869489976e-02 1.765176009798210058e-02 1.373204503967819998e-02 1.569480197054970091e-02 8.285097978507589833e-02 1.049729629266479974e-01 8.391893891960150453e-02 9.080297616267020422e-02 9.142078665356960510e-02 7.151875211171840330e-02 7.353325680866129588e-02 6.825487230577280406e-02 7.577024759077929938e-02 6.990170520936669907e-02 7.889177344349079801e-02 8.292771764115959565e-02 5.613809312840890159e-02 7.426167774872580174e-02 1.046502377259980049e-01 1.584879158127429910e-01 1.046820255579099940e-01 1.611245731257349989e-01 1.718824668430530000e-01 1.532634296893080061e-01 1.698665800363010070e-01 1.508024482951089984e-01 1.259502746274349938e-01 1.540178219259379921e-01 1.162247070639639973e-01 9.017147198320239754e-02 1.145493574413670029e-01 3.271959646832829915e-01 1.383009294023110070e-01 1.128581937240699939e-01 5.293778711971749984e-02 6.123011067715240091e-02 7.381232140477260451e-02 8.019882989774070048e-02 6.224717601633340119e-02 6.889365076600430238e-02 8.394294207521039997e-02 9.156759794473859349e-02 1.071831624136310029e-01 1.788288873073760055e-01 2.026922182832069930e-01 2.088724160876450076e-01 2.146602749756560125e-01 7.954419199001319662e-02 9.542346994135179894e-02 1.053157903647019972e-01 1.184989884847719999e-01 1.166091571457270049e-01 3.897843160035110305e-02 5.256861980697209724e-02 1.154824684028649961e-01
5.723823118674079696e-02 3.949349559887829764e-02 4.659640689156049898e-02 5.149714332625190266e-02 4.697125814225650009e-02 5.620283663455809958e-02 5.148194937917580094e-02 4.938830493895420004e-02 6.609347992898739754e-02 4.937788274346410072e-02 1.000000000000000000e+00 1.076674262541559984e-01 1.078533984835240017e-01 1.268897943031830067e-01 1.191590196756379949e-01 9.329946477892510359e-02 1.047273970807429955e-01 1.221976418841420053e-01 4.923883612153780176e-02 6.096005205808530114e-02 5.103361569017580285e-02 8.460992227010509514e-02 1.005304069296699965e-01 7.832751739482120279e-02 9.630411673453080634e-02 5.610828742455960250e-02 5.961634302162679977e-02 4.549342395110279880e-02 8.564558893260970640e-02 6.428013170377580576e-02 6.191278503943419692e-02 6.488134622764960002e-02 1.601860777059330165e-02 5.262373328231530201e-02 1.361919389225670074e-02 6.545380868146540021e-02 1.662858749824170160e-02 2.131670441869689889e-02 1.472153374881650031e-02 1.553704461047039978e-02 1.314868634840339959e-02 1.197317104582979949e-02 1.627250299263080166e-02 1.358972995048549938e-02 7.773163087729549614e-02 1.134521701895690043e-01 7.380146629667580505e-02 1.031733534942499975e-01 1.147352125539329998e-01 8.398046803110259528e-02 8.652342660919359885e-02 9.152941868302330586e-02 4.966156480846419669e-02 7.878878314828730023e-02 1.189160227654390001e-01 9.080847985610070172e-02 7.744412636926910343e-02 8.482779537552420646e-02 6.609024010793210224e-02 6.447103690443939383e-02 9.022368288053450591e-02 7.795839737732690455e-02 8.278786340832400281e-02 8.720245238100189644e-02 4.348577973686140047e-02 3.529978453383059850e-02 4.497009820633639937e-02 5.380395382352969741e-02 2.846915779591499898e-02 7.809452113635739767e-02 7.241125775306629653e-02 3.253934360497010014e-02 3.848589978538539957e-02 4.915813453251929865e-02 4.982307733864539678e-02 6.879707023290859702e-02 6.541602901833229455e-02 5.649529022801740019e-02 6.632352728506629713e-02 3.862659103716260117e-02 7.392818966751210641e-02 9.093259386261960675e-02 4.921345377290339829e-02 7.292348366564339879e-02 7.915286462376409926e-02 6.880071080127660166e-02 8.733946880363670229e-02 7.034100100048300275e-02 8.227919818226550608e-02 5.976311151545599804e-02 8.669769405526679684e-02 5.554479729459350229e-02 2.396217169232410169e-02 4.443343106385869851e-02 4.092584742590429925e-02
8.180390821407340640e-02 8.929322534125440358e-02 8.517664987621059725e-02 1.060308605097889934e-01 9.434395219120809972e-02 8.841313612343190687e-02 9.694443236870159408e-02 9.094123387769340039e-02 8.066219811451519339e-02 1.196886826277230031e-01 1.076674262541559984e-01 1.000000000000000000e+00 4.121930479304969919e-01 4.131868565407050276e-01 4.772455065867979851e-01 1.276173420522299928e-01 1.333124240138049976e-01 1.450898753966219923e-01 1.175432846972429973e-01 1.211411984330500041e-01 1.006235899248960064e-01 1.250182161685849946e-01 1.448056377842640019e-01 1.424639867455469999e-01 1.631405654884980072e-01 1.146386673809040024e-01 1.173487257967019970e-01 1.046386269205380054e-01 1.430427214713159978e-01 1.022999785857810068e-01 1.124381988500449958e-01 1.122526512572550039e-01 1.611531457029160078e-02 5.090634982123069807e-02 1.305803102526439941e-02 9.558418794111829542e-02 1.697835713535780083e-02 1.761486295319199952e-02 1.701384189638240063e-02 1.499968841879949916e-02 1.810882704101959839e-02 1.653297734337099908e-02 1.531948221046670021e-02 1.429625239802890038e-02 1.099900697711859998e-01 1.902917171670920060e-01 1.309222786433290042e-01 1.252640119655610007e-01 1.118915460407149953e-01 1.120579883794499965e-01 1.230506544694929955e-01 1.324944693493819992e-01 1.289450082501550077e-01 1.404785123771979949e-01 1.745009471228050058e-01 1.312081127913800049e-01 1.404264403320419907e-01 1.333069657133250097e-01 7.888553549012250476e-02 1.000831851630469976e-01 1.468517657819470024e-01 1.012364859829199965e-01 1.222420528585970029e-01 1.181283776026409993e-01 7.136906517248620130e-02 8.639586279736100050e-02 7.600587054178760404e-02 7.733605342013549766e-02 7.390842187870129421e-02 6.000893959751329998e-02 6.033007740695830318e-02 4.635631085207599783e-02 8.466801350981660590e-02 6.897708981093160496e-02 3.629357761939409899e-02 4.313185546659140113e-02 5.028932548972849664e-02 7.064406450406710003e-02 4.422569154111660045e-02 5.784060554099580004e-02 1.055513621483920028e-01 9.258909295783500359e-02 7.139332808280819676e-02 1.301400447671129945e-01 1.271305140107600040e-01 1.309053739389189897e-01 1.496121326330039913e-01 5.791841872814940118e-02 1.254889339747519983e-01 7.174818265115689986e-02 1.195889136419450022e-01 9.532855356427930027e-02 2.288106373792240036e-02 5.378287894940150110e-02 8.765469443599460675e-02
7.291467286603779685e-02 7.273075836721619447e-02 6.823763398815900494e-02 8.467547790980650690e-02 8.590515460411569937e-02 8.735154767336600345e-02 9.220068808659100112e-02 8.715001353316649546e-02 7.072479275112690533e-02 8.913504066031030515e-02 1.078533984835240017e-01 4.121930479304969919e-01 1.000000000000000000e+00 5.139520701996640462e-01 3.378592178870190033e-01 1.411753144859350106e-01 1.474754377608689937e-01 1.454687181136999907e-01 9.783642607690949677e-02 9.724937795785970618e-02 8.769472085210479328e-02 1.426595265512569932e-01 1.617359107982609956e-01 1.812677676098760071e-01 1.501010138709399921e-01 1.118377588522870003e-01 1.170346328084899967e-01 1.034366056065900014e-01 1.376679673551970129e-01 8.513852397012859619e-02 8.967303188217159993e-02 8.482898322365299559e-02 1.541207783194100019e-02 6.696015413825520679e-02 1.433197015086810043e-02 6.926421060532279850e-02 1.307144046673379932e-02 1.651611757097510083e-02 1.254114466912100052e-02 1.274353340590530029e-02 1.426258691381409975e-02 1.408213030104549929e-02 1.760651348313169856e-02 1.430096417963860021e-02 1.025795949899289961e-01 1.864978244730080004e-01 1.489152828890769886e-01 1.279744200382050001e-01 1.272150290039849863e-01 9.879552326671059426e-02 1.201107930002009994e-01 1.263769331728220036e-01 1.089329346154540024e-01 1.224762387312089973e-01 1.810844062066009896e-01 1.238037851212370061e-01 1.241532639399710036e-01 1.544083997800320129e-01 7.068310275645130203e-02 8.823798098981010252e-02 1.404567786065150092e-01 1.295143894500060122e-01 1.209174704756279944e-01 1.139795630182310060e-01 7.093057036010899652e-02 6.528908772973560093e-02 7.950374928646260220e-02 5.462618940634390158e-02 5.542437955665430183e-02 6.066631059627829864e-02 7.016526309184280275e-02 4.492004288622240132e-02 7.941196832811629747e-02 7.029081722399140031e-02 4.857543262982509658e-02 4.716816229021639911e-02 6.728395416755429681e-02 6.263696709095939452e-02 4.133090754950850126e-02 5.764647909815529686e-02 1.057150008290889953e-01 1.054561110211880010e-01 6.334204913347049604e-02 1.125023572126829935e-01 1.220642579550180046e-01 1.340502567061480077e-01 1.199835566348590038e-01 6.254297230555980192e-02 1.128570060700460065e-01 6.471910639820389888e-02 9.833512730350900399e-02 7.885804765466980504e-02 2.560420210865339830e-02 6.486974994496010061e-02 5.675282808017979852e-02
7.947695843356160361e-02 9.455623039842900313e-02 8.152249567505720496e-02 8.205031168926900376e-02 8.411761010000749772e-02 8.133532396681930621e-02 9.440762534877769618e-02 8.891156191492889660e-02 9.421737701000529319e-02 1.134927899143420016e-01 1.268897943031830067e-01 4.131868565407050276e-01 5.139520701996640462e-01 1.000000000000000000e+00 3.595570555064330209e-01 1.333010670494549910e-01 1.467865078406450086e-01 1.475530512393160021e-01 1.117727147904210017e-01 1.091903956314489998e-01 9.842626265128999463e-02 1.544002420304690093e-01 1.923361846909829864e-01 1.809228894961009970e-01 1.718717874120239963e-01 1.236641434982670013e-01 1.099586699215169966e-01 1.090652616715560019e-01 1.521403043294800028e-01 9.811923365579659773e-02 8.406701349402290191e-02 8.508977919370219745e-02 2.143544176264619919e-02 9.869251350027799519e-02 1.535423491824300032e-02 8.064425896179160114e-02 1.306527564518509925e-02 1.472085924279769968e-02 1.523890699617599931e-02 1.517141703845470077e-02 1.487097070841359933e-02 1.363997927042859964e-02 1.820746289826349895e-02 1.529415409775550065e-02 1.010866076753939996e-01 2.198062338916660086e-01 1.228311570897600014e-01 1.286395771805559918e-01 1.248846528358219937e-01 1.169697893864179994e-01 1.213638273054829936e-01 1.350819532638390108e-01 1.231215772134180014e-01 1.255946038167599921e-01 1.687852484171490086e-01 1.268530930085569886e-01 1.289475758832530072e-01 1.798034525103910097e-01 7.112374192020490260e-02 1.047238301429650048e-01 1.507433572640710095e-01 1.480689067386309898e-01 1.358195669930790106e-01 1.288357605583680121e-01 6.015513017920329913e-02 7.314111600601909402e-02 7.337040045849449466e-02 7.637538067209879988e-02 5.822940314534739981e-02 7.829057648297789440e-02 7.778295371367159594e-02 5.185784579860520244e-02 1.042403866274260044e-01 9.121296615506589711e-02 7.210715282382219871e-02 4.655451608913840217e-02 6.529437949313869616e-02 6.738578415368150221e-02 4.393323706107200161e-02 5.495993964402669935e-02 1.182746068875030060e-01 1.351047102091109953e-01 6.014837660529780139e-02 1.263412886277530123e-01 1.371023140551130004e-01 1.288281761085459942e-01 1.408233352314519904e-01 6.645563708832830097e-02 1.325805856106470060e-01 6.921379383163929477e-02 1.331978688511470110e-01 1.079481167864800029e-01 3.890285237958759912e-02 6.121869525972809672e-02 7.437660845199289827e-02
8.069024074182790107e-02 6.928175019575689986e-02 7.540819434572809676e-02 1.233524668860109946e-01 1.019383641953500036e-01 1.002264412885789935e-01 1.041480372738879945e-01 1.113595742504950026e-01 8.183733298041630244e-02 9.069097461895429813e-02 1.191590196756379949e-01 4.772455065867979851e-01 3.378592178870190033e-01 3.595570555064330209e-01 1.000000000000000000e+00 1.255934205709590135e-01 1.475053012619960136e-01 1.453047861314729905e-01 9.440206489686099600e-02 9.568522193729270264e-02 9.650046903947659405e-02 1.205462485869189943e-01 1.468785694611680070e-01 1.411632488043469968e-01 1.454744279253240014e-01 1.208341318107269968e-01 1.148317141229640015e-01 9.473802440864199925e-02 1.213863301522500049e-01 1.162521460872130014e-01 1.222725577201610042e-01 1.127460480866659953e-01 1.877335428672699882e-02 5.348528214390559782e-02 1.585586382880749962e-02 7.745836772355689515e-02 1.790772736012929967e-02 1.462814285909780007e-02 1.516452198538460056e-02 1.902430319180700019e-02 1.659526370169290069e-02 1.925990583228909953e-02 2.076672811981209940e-02 1.861414516997179913e-02 9.632969081366829500e-02 1.834058113184139915e-01 1.413524114642109863e-01 1.128725279569030016e-01 1.156693554826860038e-01 1.203422004776470017e-01 1.018860284124799981e-01 1.335338034431000076e-01 1.192468643652850047e-01 1.236932999354980051e-01 1.683039678567510022e-01 1.107400984976029956e-01 1.238794715811779995e-01 1.343456376748480008e-01 8.092406228822400516e-02 1.022131838435500067e-01 1.437990724133109965e-01 1.149007452122250000e-01 1.083604291652089935e-01 1.093171271422619939e-01 5.990183550736310342e-02 6.374264223421920172e-02 8.105354087068519786e-02 7.747876046121909832e-02 3.180884052160100339e-02 7.510279172873129960e-02 6.583947007334040036e-02 4.541214863861130213e-02 9.886796433773850645e-02 6.846217819704729368e-02 3.633431733509189659e-02 3.616296452870330219e-02 6.380730026797300225e-02 6.423443473778360502e-02 5.897911921634350213e-02 5.890533219066140108e-02 1.035147010683759999e-01 8.725595374755590328e-02 7.648297675856870204e-02 1.209329748556799977e-01 1.397949833697590127e-01 1.021757857083279986e-01 1.185765649868990024e-01 8.428656859144430247e-02 1.209820277448659942e-01 8.126030852920400338e-02 8.798210990080050642e-02 8.088967397750600197e-02 4.062521519019540034e-02 5.287385040410119696e-02 8.757816790441219634e-02
6.209600211641019829e-02 5.955709213536580088e-02 1.407559072654230026e-01 1.263398819789360028e-01 1.140932475082380021e-01 1.172688531038490051e-01 1.215061232247120065e-01 1.117336059111530000e-01 6.488979894287490169e-02 8.033491072412810019e-02 9.329946477892510359e-02 1.276173420522299928e-01 1.411753144859350106e-01 1.333010670494549910e-01 1.255934205709590135e-01 1.000000000000000000e+00 4.353739581989389817e-01 4.208061970719860212e-01 1.765106729898429927e-01 1.743580209904160017e-01 1.942338742101279991e-01 2.193066564786760042e-01 2.171441961292649991e-01 2.242652291711109969e-01 2.079089006774909876e-01 1.694868133833520030e-01 2.030887090689099950e-01 1.636793709126150020e-01 1.906229769446000089e-01 7.614800790986960000e-02 6.652355656483699420e-02 7.664756638876929484e-02 1.209990442062200064e-02 7.367011126737969817e-02 1.280574184522020008e-02 7.701103402639690454e-02 1.292745291809149939e-02 1.490528279814980032e-02 1.361222336203589921e-02 1.269563389614319915e-02 1.867279952225850068e-02 1.199270268391459948e-02 1.170776691676700051e-02 1.114694287688390052e-02 1.042133145774510050e-01 2.143158527605630026e-01 2.254241866467590061e-01 2.233742377848189908e-01 2.170035211030759970e-01 2.008108707229560030e-01 2.266865673172120121e-01 1.562028962666469900e-01 1.447906792602539905e-01 1.766720560876740009e-01 1.996659879803270032e-01 2.049382567687209888e-01 1.937437327301179957e-01 2.213160765755149972e-01 6.502405912192320281e-02 9.017486833177240646e-02 1.172777166818280009e-01 1.200013858901379932e-01 1.167279221241370041e-01 1.116436070194559982e-01 6.885017957479259987e-02 5.528230767870780105e-02 4.223653859643319852e-02 5.908514366939610074e-02 6.506059050369679408e-02 6.788538494780829713e-02 5.975453436449470329e-02 5.361979515166730159e-02 6.188077772253269826e-02 4.708204678026849804e-02 4.202471823980109822e-02 5.387087845202510189e-02 4.802663004820469789e-02 3.797315728441059968e-02 2.888930124676759859e-02 4.594621630284660002e-02 1.461395990299499958e-01 8.116083793950870651e-02 5.801493412219829726e-02 1.402250672799920106e-01 1.258551041533549908e-01 1.297279891584489919e-01 1.398439624123359870e-01 6.270224385275009749e-02 1.030445784127460018e-01 5.200252428605890015e-02 9.644246606207020067e-02 1.148747262068119945e-01 1.519755946446210010e-02 5.356215888955170173e-02 4.593269233162809717e-02
